/*--------------------------------*- C++ -*----------------------------------*\
| =========                 |                                                 |
| \\      /  F ield         | OpenFOAM: The Open Source CFD Toolbox           |
|  \\    /   O peration     | Version:  v2412                                 |
|   \\  /    A nd           | Website:  www.openfoam.com                      |
|    \\/     M anipulation  |                                                 |
\*---------------------------------------------------------------------------*/
FoamFile
{
    version     2.0;
    format      ascii;
    class       dictionary;
    object      blockMeshDict;
}
// * * * * * * * * * * * * * * * * * * * * * * * * * * * * * * * * * * * * * //

scale   0.01;

vertices
(
    (0 0 0) //0
    (0.5 0 0) //1
    (4.5 0 0) //2
    (5 0 0) //3
    (0 0.5 0) //4
    (0.5 0.5 0) //5
    (4.5 0.5 0) //6
    (5 0.5 0) //7
    (0 6.5 0) //8
    (0.5 6.5 0) //9
    (4.5 6.5 0) //10
    (5 6.5 0) //11

    (0 0 0.5) //12
    (0.5 0 0.5) //13
    (4.5 0 0.5) //14
    (5 0 0.5) //15
    (0 0.5 0.5) //16
    (0.5 0.5 0.5) //17
    (4.5 0.5 0.5) //18
    (5 0.5 0.5) //19
    (0 6.5 0.5) //20
    (0.5 6.5 0.5) //21
    (4.5 6.5  0.5) //22
    (5 6.5 0.5) //23

    (0 0 10.5) //24
    (0.5 0 10.5) //25
    (4.5 0 10.5) //26
    (5 0 10.5) //27
    (0 0.5 10.5) //28
    (0.5 0.5 10.5) //29
    (4.5 0.5 10.5) //30
    (5 0.5 10.5) //31
    (0 6.5 10.5) //32
    (0.5 6.5 10.5) //33
    (4.5 6.5 10.5) //34
    (5 6.5 10.5) //35

    (0 0 11) //36
    (0.5 0 11) //37
    (4.5 0 11) //38
    (5 0 11) //39
    (0 0.5 11) //40
    (0.5 0.5 11) //41
    (4.5 0.5 11) //42
    (5 0.5 11) //43
    (0 6.5 11) //44
    (0.5 6.5 11) //45
    (4.5 6.5 11) //46
    (5 6.5 11) //47
    
);

blocks
(
    //BASE
    hex (0 1 5 4 12 13 17 16)     (10 10 10)  simpleGrading (0.1 0.1 0.1)
    hex (12 13 17 16 24 25 29 28) (10 10 120) simpleGrading (0.1 0.1 1)
    hex (24 25 29 28 36 37 41 40) (10 10 10)  simpleGrading (0.1 0.1 10)

    hex (1 2 6 5 13 14 18 17)     (80 10 10)   simpleGrading (1 0.1 0.1)
    hex (13 14 18 17 25 26 30 29) (80 10 120)  simpleGrading (1 0.1 1)  //BASE LIQUID
    hex (25 26 30 29 37 38 42 41) (80 10 10)   simpleGrading (1 0.1 10)

    hex (2 3 7 6 14 15 19 18)     (10 10 10)   simpleGrading (10 0.1 0.1)
    hex (14 15 19 18 26 27 31 30) (10 10 120)  simpleGrading (10 0.1 1)
    hex (26 27 31 30 38 39 43 42) (10 10 10)   simpleGrading (10 0.1 10)
    //WALL
    hex (4 5 9 8 16 17 21 20)     (10 80 10)   simpleGrading (0.1 1 0.1)
    hex (16 17 21 20 28 29 33 32) (10 80 120)  simpleGrading (0.1 1 1)
    hex (28 29 33 32 40 41 45 44) (10 80 10)   simpleGrading (0.1 1 10)

    hex (5 6 10 9 17 18 22 21)    (80 80 10)   simpleGrading (1 1 0.1)
    hex (17 18 22 21 29 30 34 33) (80 80 120)  simpleGrading (1 1 1)     //LIQUID
    hex (29 30 34 33 41 42 46 45) (80 80 10)   simpleGrading (1 1 10)

    hex (6 7 11 10 18 19 23 22)   (10 80 10)   simpleGrading (10 1 0.1)
    hex (18 19 23 22 30 31 35 34) (10 80 120)  simpleGrading (10 1 1)
    hex (30 31 35 34 42 43 47 46) (10 80 10)   simpleGrading (10 1 10)
);

edges
(
);

boundary
(
    leftWall
    {
        type wall;
        faces
        (
            (4 16 12 0)
            (16 28 24 12)
            (28 40 36 24)
            (8 20 16 4)
            (20 32 28 16)
            (32 44 40 28)
        );
    }
    rightWall
    {
        type wall;
        faces
        (
            (3 15 19 7)
            (15 27 31 19)
            (27 39 43 31)
            (7 19 23 11)
            (19 31 35 23)
            (31 43 47 35)
        );
    }
    topWall
    {
        type wall;
        faces
        (
            (0 1 5 4)
            (1 2 6 5)
            (2 3 7 6)
            (4 5 9 8)
            (5 6 10 9)
            (6 7 11 10)
        );
    }
    botWall
    {
        type wall;
        faces
        (
            (36 37 41 40)
            (37 38 42 41)
            (38 39 43 42)
            (40 41 45 44)
            (41 42 46 45)
            (42 43 47 46)
        );
    }
    upWall
    {
        type wall;
        faces
        (
            (9 21 20 8)
            (21 33 32 20)
            (33 45 44 32)
            (10 22 21 9)
            (34 46 45 33)
            (11 23 22 10)
            (23 35 34 22)
            (35 47 46 34)
        );
    }
    lowWall
    {
        type wall;
        faces
        (
            (0 12 13 1)
            (12 24 25 13)
            (24 36 37 25)
            (1 13 14 2)
            (13 25 26 14)
            (25 37 38 26)
            (2 14 15 3)
            (14 26 27 15)
            (26 38 39 27)
        );
    }
    atmosphere
    {
        type patch; 
        faces
        (
            (22 34 33 21)
        );
    }
);

mergePatchPairs
(
);


// ************************************************************************* //
